0 0.015625 0.6411022210834554 0.033125 0.07497600000000004
0 0.060546875 0.9128833440702782 0.1225 0.16963500000000006
0 0.079921875 0.7735901171303075 0.15375 0.18650399999999998
0 0.253125 0.6069484114202051 0.250625 0.12464799999999994
0 0.5166796874999999 0.63987060761347 0.03750000000000003 0.084349
0 0.5344921875 0.6459084172767203 0.021874999999999978 0.034677000000000006
0 0.647890625 0.6879021229868229 0.05249999999999999 0.09465799999999998
0 0.65078125 0.6190752518301611 0.040000000000000036 0.09746999999999997
0 0.6794921875 0.6971568653001463 0.053750000000000075 0.08997200000000008
0 0.7247265625 0.6753683499267936 0.03500000000000003 0.07685100000000002
0 0.7484765625 0.703424251830161 0.06499999999999995 0.097469
0 0.8101171875 0.695222767203514 0.053750000000000075 0.10965299999999996
