0 0.5556643125 0.4345703125 0.18229100000000004 0.307292
0 0.10546875 0.0823566875 0.023438 0.069011
0 0.193359875 0.0641276875 0.028645000000000004 0.070312
0 0.2106120625 0.07519506249999999 0.018228999999999995 0.049479
0 0.2229821875 0.0615239375 0.023436999999999986 0.078124
0 0.2366540625 0.074869375 0.019530999999999993 0.04296899999999999
0 0.6988935625 0.477213625 0.15885399999999994 0.239583
0 0.7861325625 0.02734375 0.03385400000000005 0.054688
0 0.839192625 0.0361325625 0.02083299999999999 0.065104
0 0.933594 0.0341796875 0.032551999999999914 0.070312
0 0.970702625 0.0390625 0.050781999999999994 0.079427
0 0.985025875 0.037109375 0.027343999999999924 0.074219
