0 0.18328125 0.83046875 0.071875 0.14875000000000005
0 0.329921875 0.741015625 0.09000000000000002 0.114375
0 0.3812890625 0.79984375 0.11312499999999998 0.15000000000000002
0 0.4534375 0.7358984375 0.07874999999999999 0.12437500000000001
0 0.5125390624999999 0.7958203125 0.080625 0.1518750000000001
0 0.5967578125 0.8580859375 0.16749999999999998 0.17125
0 0.5964453125 0.8018359375 0.05687500000000001 0.14
0 0.659375 0.858828125 0.09562499999999996 0.161875
0 0.733125 0.8538671875 0.06312499999999999 0.17937499999999995
0 0.8049609375 0.862734375 0.10750000000000004 0.16874999999999996
0 0.8366796875 0.829453125 0.07000000000000006 0.16062500000000002
0 0.904453125 0.8628125 0.09875 0.1725
0 0.89703125 0.7903515625 0.07187500000000002 0.06624999999999992
0 0.9659765625 0.8519921875 0.06562500000000004 0.17937499999999995
0 0.9677734375 0.7787109375 0.06187500000000001 0.07687500000000003
